NPKA/project/gis/dem100_full.asc
NCOLS 293 
NROWS 200 
XLLCORNER 512534 
YLLCORNER 282766 
CELLSIZE 100 
NODATA_value -9999 
[rows 60 to 79 of 200, columns 92 to 137 of 293]
1030.17387186985 1104.43358885365 1172.45058063941 1230.73130136311 1279.2659957294 1341.43560683853 1380.18444996073 1364.58709951365 1301.62288337832 1278.41937172014 1273.51038176229 1297.96942327568 1340.76405650611 1373.5989680337 1387.61887818012 1416.19653453217 1454.28427248041 1472.69145855964 1476.00851414625 1479.29459039294 1485.08758174427 1496.80330550528 1498.36327939363 1490.31205055978 1472.53311453776 1459.59667764801 1448.68717331682 1439.32481358589 1439.19769975965 1435.00954839603 1431.97464107289 1417.83414993168 1408.0129018651 1381.23000149253 1354.47846768539 1347.86240949377 1337.97378976968 1310.65079383895 1323.76738659399 1361.31932732667 1398.37238224546 1429.96603562277 1451.56654893171 1461.67795054944 1456.07644924164 1464.16081332265
1024.12609846977 1075.13112691368 1122.08080436225 1178.23015796038 1226.93253717566 1294.31089261379 1357.86352438689 1394.61761720458 1349.35513390446 1329.1078832883 1332.43894640058 1360.67074008517 1398.7888813688 1427.23371450737 1438.08151867257 1447.98522833879 1454.78787318104 1456.12972461741 1454.70081887442 1451.95622641678 1455.21224358137 1463.49139547032 1459.99612083284 1454.87442469084 1443.93471622225 1446.1654095139 1437.91521981956 1428.58516760098 1422.1280018561 1419.58429567217 1419.98820552368 1411.99086933113 1394.83181775935 1380.14913981399 1367.0777793372 1355.62960213565 1330.55855466948 1321.54038058018 1346.63062085378 1389.76465970344 1428.42000004944 1468.90507141351 1493.45820578231 1511.92458447758 1515.20757261898 1515.69052618074
1005.22779319196 1044.69041598641 1106.06780615382 1173.36733347869 1227.13594033802 1289.69864828044 1350.39797315686 1398.56642170419 1398.72115394326 1390.40080792915 1404.52359334151 1428.24341670846 1448.25074533964 1456.30824092803 1454.51808981171 1447.80632204462 1437.09152176539 1427.30453123984 1426.10988124951 1427.205357056 1420.6699724167 1416.86993811182 1407.16204586996 1402.36646485907 1404.9099239534 1422.64106090896 1422.89388977949 1420.30503484871 1408.73198347913 1398.45523577278 1386.68584635917 1372.35468434819 1363.41640562329 1360.4549887731 1354.35018161545 1344.65632702613 1340.63536190245 1341.85554931142 1362.09953001782 1397.95716694536 1430.97919934922 1465.05050240155 1494.74290237859 1521.99723117953 1536.41548045111 1532.65742640118
975.618936184077 1029.44747502513 1087.84639527654 1132.66648865946 1195.79521460017 1265.13477257271 1309.7217608553 1361.13119112928 1413.81339750038 1420.3263766873 1428.91195694135 1436.63557205642 1445.67561753624 1451.9644802931 1442.66508817757 1440.18419530908 1433.22780573425 1412.42737595183 1402.21549233868 1398.32273103017 1380.67226340629 1375.91179972179 1374.77317519285 1373.1844985983 1377.06165670456 1389.41749529982 1402.17514796979 1413.1068600983 1408.96678636709 1399.13774439752 1380.61649144683 1368.61704390455 1367.19579912333 1368.46045850362 1367.14839454762 1367.21539282007 1372.73124657677 1369.79057511227 1386.12377337992 1416.05244681208 1438.22921002417 1462.98850334342 1487.12059197111 1514.92398261912 1538.11467089121 1540.3780583766
913.102840053438 964.141957630223 1018.47351831265 1084.57006609597 1168.17174678502 1211.44467149042 1258.15529939089 1329.507625518 1383.0218022794 1391.66149748459 1395.35120985961 1405.18645016262 1426.95943991254 1421.32575254338 1396.30614382294 1403.05793499442 1419.75755196061 1399.564982408 1383.00000863257 1371.72808252208 1362.80571536196 1364.61877664801 1371.62581326863 1384.7995133599 1397.13177940086 1403.23760087901 1410.33613390823 1422.59888901881 1430.67991851003 1430.78166393845 1424.52970482516 1423.4679086475 1421.34989745094 1416.28603486179 1408.78522154912 1408.61668130108 1412.66102402459 1407.6572158681 1408.50687789112 1434.41351017881 1451.443173427 1468.15009391299 1487.26799592696 1515.59133210637 1536.91222669195 1529.9947650147
857.189266237481 907.244081750076 974.683504154718 1060.75431996931 1110.98750307552 1161.03632480602 1231.27264979708 1295.10395651949 1327.05299656974 1339.53263824649 1353.1361948495 1379.81252698568 1396.36441221636 1370.33465306385 1355.36716788772 1376.52354804979 1397.46684706101 1372.42531461646 1360.06291054039 1355.07846260519 1357.20178541958 1368.37674895631 1393.16553961605 1418.89890141619 1433.84418622274 1439.56725627183 1441.4180153859 1446.05851012924 1456.25294611726 1465.35570828563 1468.37199640508 1475.35567448239 1475.88300468166 1466.38708772627 1452.50900959744 1447.04526991565 1446.42474575923 1440.6164767374 1435.2460602317 1440.42444953713 1443.80517850445 1450.47402831488 1461.02061546107 1484.45668727442 1505.95343987454 1498.5484129624
819.021351847485 867.752319405329 938.814592610931 1004.86947871832 1064.16501960214 1142.76714562842 1204.13161786838 1238.2529186924 1258.54041004699 1278.86308746969 1303.85572699835 1336.83470619183 1353.23575101668 1330.31909175381 1331.16371060858 1352.61560097529 1361.35756230254 1344.62110986056 1341.81818535636 1344.1895692679 1351.36570572785 1373.12256003069 1402.23439723165 1428.56569514317 1440.46602539979 1448.4182444114 1458.43295189213 1465.34789867677 1475.69046516394 1487.26557076249 1494.30970226812 1503.80020499857 1507.42860278014 1508.33282947937 1493.90237379333 1484.55946952966 1474.04311390992 1453.95388629136 1438.11156703164 1431.61809589109 1405.3979402295 1398.61513487626 1403.78547889771 1424.33830150732 1455.5386384332 1470.51432387226
782.045105136868 824.377778563502 876.720561781415 941.324277010042 1013.36316990983 1103.74793849336 1155.11285116119 1166.34473016106 1183.68304943717 1211.59649598976 1237.0782677881 1272.42684917897 1299.58084691762 1299.63736144331 1309.96253614464 1326.20196054337 1334.05495240419 1332.90047119051 1331.53532295787 1332.62062012246 1344.82028592984 1374.26981525474 1408.18516074504 1432.72491079648 1419.83557096805 1425.27193504589 1435.94026805061 1440.16887550328 1455.96674436876 1464.38204426049 1471.31921942865 1478.47617211737 1477.85895431288 1511.94411928014 1518.33493286628 1513.5196076713 1461.3883500913 1413.09108394193 1394.2063632892 1395.49025096607 1359.74583107657 1343.9289311346 1345.30218206212 1362.07030915925 1399.34822050352 1444.94596689493
771.700574857012 796.521988725432 838.913776216625 893.775306712717 958.593062370777 1047.4671724535 1091.37658450524 1094.56021356949 1112.55479211418 1144.73551573939 1178.05810101849 1214.64664156298 1237.62147462114 1251.40729694206 1282.7983695771 1303.84689757423 1312.99079013266 1325.65496982086 1338.16837930635 1351.5579922943 1367.59991098919 1397.99454133221 1420.40711118377 1419.35131661482 1388.25064562184 1380.01605137894 1372.25153968739 1379.03736930304 1400.55442991933 1407.14788614521 1418.48922473843 1415.8176207555 1416.21271621484 1450.86251413193 1455.71098264504 1463.5874378267 1452.89381441411 1392.8204203635 1345.69593427462 1337.15852711971 1319.44171444931 1306.80022515842 1307.53014966755 1318.85131102891 1350.35245179924 1378.04186185824
805.564489792398 815.770131050887 833.13696735153 865.649365932868 925.338783824612 998.856372580876 1040.09503045803 1060.51834720273 1090.28324484422 1113.96675799708 1140.16166542359 1170.55840428094 1192.91974316747 1220.41655479045 1261.49537238891 1281.48557914744 1289.34184393043 1311.39949850595 1344.44098218336 1367.18197062275 1393.97113589012 1427.85521322896 1411.07367727379 1377.30894980711 1348.38372582888 1333.80388691493 1317.06506150091 1318.51660670709 1335.18069397646 1345.13816068471 1354.08258696061 1343.86183492915 1354.17099448645 1376.63669688241 1380.54667733767 1385.57948738442 1390.60541549071 1359.9615846083 1310.45939489711 1287.22987728613 1277.49741341158 1276.06158960937 1279.75542531943 1290.87783103958 1303.14215651481 1327.30355360312
867.787961375165 876.6664182267 877.796976690631 881.629971806528 911.229659139091 965.333486538642 1012.34042650933 1052.73496456697 1097.68773366121 1132.6836153111 1168.60405908869 1199.19368672629 1225.27820568437 1249.65411217985 1272.62527512064 1286.03660948515 1282.99526524437 1291.43649676081 1329.00078473665 1389.39610643236 1432.94075419961 1462.66550397389 1435.6445975554 1377.81809924753 1332.94340653429 1311.76675776789 1300.39544474527 1297.6704181316 1307.86865694268 1313.7281574288 1304.45778406623 1290.20804307112 1282.23995357833 1292.93394241226 1309.12095373357 1318.23361935549 1320.97774703531 1297.48370649371 1264.62072756868 1252.17713014093 1248.41289165885 1251.5196859666 1258.81226027507 1277.08720488564 1284.76667116691 1301.75366560026
954.618013309873 961.814455976987 958.240986262124 943.699644506964 926.350017483068 953.088170794645 1014.50329597763 1085.23934058076 1142.40857633056 1187.10732812776 1245.52405737756 1300.03464900994 1325.66228093253 1346.70813676561 1346.63900730365 1327.2522122076 1310.87451637619 1313.24842867321 1352.37164691002 1413.17150735837 1451.10193975021 1469.73951499471 1443.25318452137 1386.39295722624 1332.91567208229 1306.88298512418 1293.6342740674 1285.811608817 1278.80725554349 1269.55606577679 1251.70547660717 1239.61362868374 1223.57664835183 1218.09415421169 1237.78476556352 1245.36914901673 1244.03385458095 1229.48275479524 1214.11683748936 1225.81669319492 1222.3063927473 1217.78937748465 1232.20284408071 1260.64961646298 1275.48432789943 1287.14919639362
999.16561722688 988.502030516915 976.542932844487 973.055608962273 964.204699492869 977.267423064363 1031.54683879027 1102.7441959499 1187.92325468698 1263.91714121322 1320.55506514116 1372.29138039881 1414.05908513826 1439.75617914883 1434.07936580601 1385.7615365834 1370.84734394777 1373.87193760698 1384.26205941726 1411.56724295129 1455.80890137637 1453.68262867541 1402.69005155467 1346.6075549093 1305.52184664098 1274.48402950076 1257.51604402938 1243.79870770206 1227.65830250849 1218.36687645641 1202.33496305081 1175.83220851575 1171.03520135239 1170.00351412272 1176.55769904559 1181.54082764061 1178.14334620106 1173.5067913896 1170.94653343066 1189.79940102941 1185.50912509548 1177.55556234591 1182.28330052653 1219.78611415389 1240.63153258202 1247.74662090588
1038.80014052548 1020.03812636857 1002.35972526281 986.316746051396 990.155267449006 1004.87752207038 1038.31879306396 1099.7881044801 1187.84020314648 1259.88085982256 1325.0814884429 1394.59203173598 1452.60525671914 1492.61857253496 1480.27210177772 1418.2035310664 1394.04416465825 1395.53847533067 1393.33443521037 1404.26576646927 1449.86715224166 1439.45301382619 1382.82337135601 1329.56939376241 1290.48991381361 1264.1640057426 1247.86459839173 1229.95340224424 1209.89356382179 1187.38731039449 1166.20375523511 1145.03499566456 1126.40460423677 1122.87603601546 1128.73517519559 1135.76357527559 1130.27908601032 1127.9071741116 1125.85807822004 1140.3330965339 1127.69967478143 1131.15667648228 1141.658263323 1180.16203797565 1192.75543978621 1178.62113502345
1099.69345972441 1071.53555371975 1049.87993306948 1024.49680352281 1021.9698152492 1039.14255170069 1073.6996371485 1131.97589067254 1203.76580010728 1277.95380810236 1349.90987244152 1415.56527879358 1472.20960863073 1511.15448677269 1480.98251651658 1420.59612457969 1396.68188238944 1399.20780694978 1392.27807914264 1394.83422634492 1455.24469864805 1464.79576326437 1415.30004790267 1356.65703931311 1313.8952524178 1281.17498269545 1255.18936860047 1236.51139068954 1220.66477090087 1172.57983244236 1129.18161357253 1108.29215885055 1088.56280727058 1081.51260119435 1084.84657848653 1087.45390446786 1075.17884361195 1072.08449889298 1075.95893569127 1087.71551767832 1078.21291998426 1087.05183237859 1097.29303185134 1127.34145323197 1128.05973296499 1103.50561446509
1191.17952156522 1137.96510730576 1100.67531030136 1076.55214203437 1074.198738007 1094.44545115564 1135.25899642931 1186.46331298315 1250.92454672898 1312.97932220579 1376.49720436783 1437.18374229015 1492.41428329764 1528.0467707232 1495.40684353285 1444.98959734438 1426.54392215217 1429.74504875228 1424.06285790739 1423.36385544258 1478.01922320809 1532.80768429839 1508.8789234776 1439.76190402186 1375.7696385598 1333.06906860434 1295.6129482958 1262.71893177553 1239.99084761657 1179.33863196927 1116.05926451408 1073.06691739758 1053.13124302131 1043.53433223097 1039.94903961197 1042.83254065115 1022.34934208937 1027.95857148526 1031.6918621223 1045.26441614189 1037.96891606903 1031.14094139025 1038.75095237426 1054.29715017223 1054.6492333551 1034.4715152137
1252.56676229835 1235.04394853128 1201.26656353654 1175.85083121332 1154.86960143792 1158.33386392564 1175.75538660678 1214.14244607382 1270.73955194797 1336.37563475677 1396.73627917958 1462.41694311894 1537.28228628279 1592.43911384553 1557.63084609901 1502.6418696533 1486.99440969033 1491.16540637867 1485.02216083655 1478.52627077711 1519.11217790666 1576.09654900179 1575.45505639449 1525.32154128598 1469.39855407584 1416.10428229232 1368.53619168136 1325.34830831364 1281.54554677334 1206.70113162002 1138.12136117661 1090.62612100792 1051.56883811436 1021.79767055234 1002.91811904092 999.278072753753 998.034256117275 1008.24769758685 1004.57880366814 1001.79632842946 980.950381050018 974.6831700697 977.924553174109 981.990461913472 982.215863059988 968.423380989928
1350.88540732416 1340.58651108181 1347.43294446611 1313.46745878269 1285.08989046003 1268.57281273939 1242.70863975802 1269.19238927331 1316.70605755176 1383.98605243397 1451.24619177813 1508.45985232734 1575.65878120917 1647.03109805565 1667.19913127334 1617.38975816529 1581.79935307904 1564.88998137026 1566.19340213855 1565.19567855597 1585.44270665499 1630.93972077174 1617.48386278692 1558.07925282206 1507.31924524915 1458.78764661753 1415.78515469634 1372.78178614498 1336.86820970946 1271.6533603858 1191.7899200027 1133.11169857442 1082.14966058623 1036.64817237424 1006.32166325446 990.199896607095 970.490756231249 964.73480298504 962.071241899486 955.936893576982 932.637827545081 920.769567729603 917.610807749374 912.486692052443 906.506692539341 906.766868938294
1453.23032921082 1414.87469686784 1451.32155847731 1442.92736337862 1409.75605241465 1369.13969457721 1328.73047490313 1339.38228166655 1365.68315326565 1413.8077189607 1485.47407358513 1554.85163872309 1617.35369343674 1687.11673593779 1754.07674983958 1751.53771959401 1742.94224997915 1693.21144935859 1660.41233243398 1640.57556486618 1653.76352176 1690.50335682431 1627.61030499977 1555.97541785815 1516.83128138384 1487.42322577183 1454.70928773328 1413.4672643981 1378.42874966707 1336.64246649373 1285.16477177493 1226.38559321746 1157.99976631659 1091.92315078431 1060.67947041134 1042.66682995565 997.781470395656 966.972185316147 937.645560566586 917.774502931433 894.589976356343 879.036158219217 874.245468046318 860.931300564878 848.657409509695 850.924094618936
1544.20079810819 1495.69894222315 1531.7063442996 1563.41932938344 1549.33480188006 1466.21029146579 1409.26830087475 1402.33194727508 1415.07702269395 1454.58639452531 1528.04253705774 1598.37343590888 1664.89928446505 1732.57628700924 1782.40183087289 1794.91962633125 1817.3558810865 1799.12260292894 1727.02551037345 1694.08494051908 1711.44297517627 1744.72864056733 1678.25685633606 1595.39874471316 1548.3805216305 1503.44163467391 1483.74538600189 1455.45998245171 1414.98428460337 1381.67062166333 1347.31421491944 1306.27197862914 1255.17732860127 1191.87427187995 1163.84793535553 1121.78101027455 1081.84615512901 1034.88782971778 994.028867459559 960.303918576895 915.56425752132 870.451596507573 849.157754866406 836.612614998898 821.857313600146 812.578198668715
