NPKA/project/gis/dem100_full.asc
NCOLS 293 
NROWS 200 
XLLCORNER 512534 
YLLCORNER 282766 
CELLSIZE 100 
NODATA_value -9999 
[rows 40 to 59 of 200, columns 230 to 275 of 293]
519.849746002552 528.274998012438 554.373738745063 567.229160984887 564.831030915774 557.55024456383 556.173012002937 553.676176401045 563.964681576358 581.813153798675 597.867673015843 614.549624115736 640.160572610168 680.986234314023 714.060423035274 724.158228538889 711.652236043318 693.365714791221 678.414820530571 667.115608838277 653.963918373077 644.137761103494 619.402825808839 594.627734395617 575.557884862728 553.453553787235 520.003506669889 495.48407721626 520.02047386089 565.97001931675 595.124825816592 621.885575714716 629.71332152384 601.494010151304 580.218136332085 581.457129201537 573.929480142267 588.724450745834 620.586982675822 609.910197467832 627.261045179612 647.218838832764 650.644892392482 671.196789985354 685.409299499365 703.103572718613
562.787479755629 561.755685891422 571.749759751139 581.146010545647 585.764183018486 582.681244885843 580.087600576786 574.593136565733 585.238438495221 601.680440212069 610.875696031509 629.893452752785 650.310095352741 690.230350587622 730.754225330041 740.089520116252 728.152439042061 708.596110125683 690.04679529797 677.980742314583 671.767230036913 664.942672111172 642.041638096244 610.12982017076 580.158888476431 551.580387366687 526.349409849263 498.49866587132 513.796967250924 558.647088156911 594.405773847021 643.830458513032 670.42937752916 624.202644396638 625.913613277291 656.233671321488 653.08573264883 661.688184675353 682.773604211251 653.599906742001 671.710683343832 707.036754252021 714.790413606136 721.086237154298 738.484898237053 757.634584654396
622.041636920205 617.062712051918 617.739125448893 620.375476216297 621.157075865456 618.334913939149 605.492703556507 594.148074090303 603.449017890764 620.433839828867 626.278688912724 642.906658730986 659.959908088568 696.59867614158 739.808227882667 751.272165641509 740.511752053741 725.154744864113 705.469426889525 696.11376773579 697.1858068495 699.759516947511 673.053704781597 631.54261754763 594.775167204281 562.739793126081 535.843561855452 501.640724063813 507.82132117928 546.546843637655 589.206462982475 640.49508001864 682.453959761547 657.342939641852 676.668800699825 728.344079322115 730.011683204157 725.361729877296 723.428995124874 685.163403509844 711.358894954609 758.047518288702 773.050595351802 770.323027070614 787.042787058777 814.631323337769
704.654200513815 697.669897281281 689.956915557277 681.768730773565 680.832864245282 669.875036631094 633.993816565447 611.164398173104 620.861399279612 636.322854430034 643.502523860294 657.252212079138 681.944564497679 718.506919376802 757.770109069568 770.488720806354 756.448138937476 742.227982391868 732.435727862454 728.116437259201 726.972536904251 717.487990681725 676.507086782768 636.093132675018 602.107956650864 568.897784747226 537.138587143669 505.331014491118 503.41320104192 537.222166497049 585.542286571236 632.067925118178 688.859537846901 708.934362901015 732.510666409743 794.534204340784 791.178288507972 773.071650891866 744.897531060366 715.539466370784 746.776517726484 793.085755821521 819.738062930943 815.266411502044 830.364802563029 873.34650657261
754.939606699415 766.885925042524 760.878303681685 754.934022235082 738.947931699483 704.262028013689 677.190565451701 638.917969230182 628.398887024471 645.313608103185 661.317114754747 679.921927844979 710.689799957706 748.367144596886 784.260613097337 796.531581458903 784.940480634529 772.92343034581 767.830925881388 758.662283914729 740.128943727111 709.320376239196 671.378494971675 639.221832784346 607.456931706849 570.712390325999 542.869937610293 515.430416813874 503.500115864543 536.814183909058 580.943726354578 622.876421888925 676.248787158793 733.726101447321 785.871027366747 830.658195927575 825.907384162994 810.993484617519 765.547111087818 744.050216797917 785.432741825819 830.711539151693 863.011798141275 871.982805940137 881.700400082334 927.249241497201
781.015325438901 813.451614665766 801.906244784639 780.055672160155 758.035703476131 731.020976755216 691.147920397446 655.614984489359 641.747587496007 657.984995599872 680.586176343864 697.059829227381 726.425322240068 769.568700111203 806.812141403764 819.356577251638 805.504713616316 798.056787391827 790.151556402008 768.819509096744 737.230693666399 707.166482124098 684.232771228313 649.884207693593 610.289470016166 572.841945760089 551.644140160658 519.108998063233 507.279169398862 538.04438373407 574.314542151924 609.905896707788 657.022170703834 719.357448615802 789.830768802668 846.025848700546 857.277853609746 839.372656669922 792.721311897253 771.082357031693 807.424448081508 857.82991645182 906.235749055809 941.997921267488 958.880225002976 980.677472070061
782.58082135701 819.050849653547 794.711712283249 762.486687477549 740.783337008213 722.24113804442 692.696853940278 667.767732499421 660.390110115378 674.101855870619 696.264484610354 711.540058220638 731.796618223918 773.154819196888 815.705632722983 833.1270130769 818.542098860079 811.806080589189 797.962885139029 774.158859283644 742.545737493818 711.161778711161 684.640490953139 643.737848175572 609.381017719933 581.828215917865 555.828711799501 519.929765524335 508.063346994843 541.730764065808 579.462028035646 608.328948619922 649.627379421561 710.811460336546 786.574592407664 854.323001680824 878.850943100428 859.82111263943 825.479833753048 802.645746499269 815.026129502344 857.750390977845 919.17285717723 984.974197712409 1023.27866466994 1036.01309991766
732.928580184932 770.769489198032 761.623464448916 731.296247453591 710.033803862307 706.462270046286 691.318119712243 676.755436856564 671.333213900023 678.131170618994 700.498641019229 722.2106373409 738.915650098608 776.057093512176 821.698505193038 841.236203272582 831.569504273076 814.300555366938 793.064229410525 767.244735848806 732.464125310989 702.034643860001 673.420661131282 646.103417447703 617.100788856163 590.440523301025 555.646056987592 518.508783454313 511.752630711156 550.7790477589 598.551597415634 630.497767306185 668.301192367715 725.589638495251 806.892579174806 869.06837498637 900.663333265456 892.06463588835 865.974706503945 843.993508778543 841.378012738735 856.883606841089 912.95784769482 985.482860949161 1049.15040672471 1100.01852331333
685.279925180134 731.070965083638 727.647449852814 713.23401498662 701.658197432138 702.485434884807 701.19986117683 694.404820163828 702.430159616889 688.596536757778 705.158536705123 727.370574874751 750.976567960054 788.188419175777 827.856655000316 848.723338795897 840.938526298179 813.922299875387 784.641347019353 754.953695846897 730.288319875475 702.431562234245 670.542858651179 640.545960983708 617.967340529019 595.633212379093 557.60459542212 520.042983472413 516.341701859736 560.49046022981 602.704523603374 634.625358745986 672.055937809769 721.527250899805 782.482940213246 836.870188156311 881.349862814182 909.033906939508 906.664276978291 893.500887062942 890.452103385024 903.861371921164 923.735221304695 991.176145004717 1059.2189074795 1129.31792421848
669.191891735626 717.027211529735 730.608830311924 720.451230485474 703.379428554488 706.400641451772 718.936506703136 730.598665622803 730.210394718779 706.545286054899 713.378244328153 733.84311325803 761.764786155874 793.973944688475 829.784747133842 852.167781997526 842.305859220256 805.602883283303 783.136690141889 757.291187357467 729.963176156328 703.597313478266 677.274950002578 645.885692407668 616.025945837967 590.934069350185 559.583740533505 524.736259432344 520.811448491213 548.719811402222 573.480341221934 601.538763347814 641.562275770453 691.600745041506 746.994405876144 793.846092502466 845.285714625745 890.392189586393 931.649527006304 946.700234172974 948.862487838364 964.460581843436 981.447459450526 1005.69087808898 1057.44981497583 1132.53186120948
664.621632522664 724.762736919045 735.051960701616 721.093448437199 702.332235235379 711.218095152281 741.067872380351 758.922430014631 750.757300047822 728.974478935786 727.179605984541 737.502581946917 757.416784997649 784.056402988491 819.467549431465 844.343266736703 829.237528782282 798.909157408444 784.195627000341 760.290654429136 731.762583556342 706.320652778962 679.887472905958 650.647734688411 620.85054795345 593.278197927566 565.761470755329 531.414721862941 528.244482054411 561.615496520544 582.235725306573 596.716198747934 620.956390374674 659.108491382613 703.994255100036 755.412093707557 813.185907032405 863.180228414944 924.296493596804 980.516202781993 1010.50292857373 1033.79153239897 1059.15266314332 1056.37767637284 1083.90401909212 1143.06273074146
665.682368713109 703.185350186578 704.395020135682 690.444969522675 678.148519371926 701.187569593897 735.456101774243 753.759125557178 734.963782310817 714.442949508934 717.171037149408 726.650968435668 739.643951458316 774.188793212721 809.733843748029 834.547263544814 824.100202888361 801.498418119436 783.05229934792 758.416318277466 728.021388223953 696.986370091527 670.114523863477 647.72115448345 620.48270198719 591.229272396626 570.201804670439 534.031208307819 527.085293429005 564.066737205013 593.890937318558 624.729766584819 640.692640845948 672.178782331615 711.201796117367 772.733874240496 820.710312954863 859.739569371332 918.748923770887 984.722203988413 1035.98877617005 1079.83758731599 1092.06229614443 1107.0322467875 1152.79900299282 1178.7138905321
657.066446912292 663.956087868516 657.688421373483 646.163389182057 651.985835551664 681.12579522402 715.695751458775 709.855641474158 674.810581042606 657.570903179952 671.484621849602 693.231479251574 720.129223982309 760.584189641512 797.983083019764 823.310602228317 823.938974910248 803.371060799765 773.827412529961 739.433446925053 710.149501465566 684.641207380736 657.365712380345 633.224725316303 611.349277926497 588.939226151938 570.380665107375 533.756836933341 525.284593900131 565.960990735931 600.499939270803 630.307996771348 664.470055368861 704.378442461695 755.356340595136 821.248821543161 869.244214843279 887.253818773462 911.779962266633 947.346143266567 988.875171347165 1038.58691656757 1072.9043132049 1092.77254489228 1146.00595761138 1202.7090006236
642.153095798491 649.244206228866 631.304992044015 622.543289445564 649.50358347616 681.589205191716 692.010435552887 663.46026070109 627.445324522398 630.938902278772 678.313451344494 706.19203221027 723.866519711153 747.536388506096 781.169115934137 802.038033291108 799.022643866915 790.328840035202 768.841657188743 736.390895708903 708.399532752288 683.636790445169 652.743680187595 626.141489195362 602.335716669835 582.277019133047 554.363189732272 527.674080656088 524.698242444227 556.501557190183 586.089674426998 620.441936040123 664.091652751567 713.295303305653 769.409024087251 838.205892738346 880.331483007629 875.083526657542 874.461840298285 896.424169858923 936.088524529477 978.750045331971 1011.65209621288 1043.64577875928 1105.27202387954 1172.14608070531
628.908977059604 619.042147011122 594.629223966809 619.232531766697 651.808221936715 650.546785143597 639.545765829696 605.519332356032 601.540873709018 652.919135232621 725.987798043381 768.859878004098 784.292579507036 789.505200553781 801.05858647639 804.469263466225 783.826708203897 756.331268796396 738.777977353157 721.517319353964 698.197895594319 676.70953105836 640.932230620892 613.592197245254 587.487567757827 565.195569111999 547.002839136264 528.10711057014 526.843983512294 560.915930575708 590.810799397712 622.85104896391 663.066886357531 711.394607313249 770.987058753307 836.737221989947 855.09196528095 839.176159266108 833.085698421302 852.086219053456 890.970140156499 917.746980212619 949.579323542691 1007.68740578658 1063.88053636344 1114.29715373184
588.005847220537 565.576944024663 576.16867086316 615.767000555993 610.098134234372 586.630925717087 572.595525030919 569.063674279092 617.141458574002 686.312805375831 751.454574079321 788.599612547993 812.632484295458 819.364249945489 819.537208214186 817.639373650778 793.442212044376 751.430930935944 711.461379810918 696.081848268333 685.59716203266 664.516568423462 633.110381633303 615.999962659814 604.298629270692 583.01414720858 566.884608904678 544.761051282638 525.99508256283 544.868451320901 585.285409206403 619.419724096799 656.093218029967 701.339816339962 762.59626718749 825.08625813436 835.184228746737 810.297020986215 799.095637881238 817.968858924735 853.364070839215 866.24494553939 917.188005292502 965.03130676481 1010.68633624557 1059.92190059927
521.335532202859 522.363229635506 565.608090149084 580.468580650284 554.008439992214 533.76574357275 550.621712819958 589.603220135079 644.382258156055 702.912453423132 741.144177660293 773.797392933651 792.275015699617 789.419104689313 806.045941224467 825.291900540748 815.623689163088 780.398096163456 736.054434270556 695.844404314071 667.857278297898 654.083380858364 656.700880144622 645.444840675178 624.136016598549 602.371265572501 582.263984719241 556.820815992009 530.369468514307 537.657669489187 581.182517903656 612.143995673579 644.11883017454 681.393942465702 730.107532699087 781.427979011674 793.350944198272 781.098836991474 760.153089402943 783.32869717306 806.746973683576 834.19052920267 872.58151879276 913.220387144871 976.827460938528 1043.212491372
476.195112147966 489.753607130461 522.553906139223 525.277992270399 523.644686120574 560.811821846588 606.175844694416 638.954349690663 665.83525561587 688.597195974448 708.089518770235 728.817270597528 746.192290813446 759.115439398126 789.9571010026 816.456336014362 823.446222632808 798.180392167307 754.7651686685 712.18130660866 681.637676140521 668.625329284136 662.113522046763 638.715809009913 619.828489958293 605.492392975325 584.267136906132 561.760831502427 535.163522708152 532.972358947197 575.05438410012 607.034516373311 630.887064983582 657.522443451496 682.164458211141 715.502483295489 740.687780455639 729.71556722011 728.853835845337 756.882282378006 787.610476749574 821.6983953008 860.16631194913 920.200901935359 991.140828982946 1049.01848164375
485.377098815236 471.765617084743 485.882547546418 506.479231137444 546.119550584777 593.567110589788 635.464660073681 659.141723455538 669.359977389991 668.836676717422 667.961802832582 681.107644788462 698.864300804956 720.663250715945 755.864626925458 781.530742717771 794.199539611372 803.655931087486 771.438080593097 734.409885545097 698.018337608923 680.6040660263 660.590857351919 639.41979688331 623.962479634524 614.106854326189 594.353107895001 567.390976588629 540.742763167581 531.309720984256 570.923035500493 605.061409480949 611.876674877559 618.236874058376 631.936197463449 659.318125115491 690.697645681843 692.717531175753 731.0417833196 777.878780465743 820.110300362426 863.98356254946 899.571957007717 941.014679610355 1002.37179087794 1050.26546824087
486.170052025071 484.893874634363 502.399452699794 542.06773729365 572.718005717067 585.646988287417 621.158031235031 637.73288555283 634.576587620464 624.702993857598 623.211387754261 635.761198354858 654.910726910006 668.042299521806 693.63391593627 726.071504114493 761.207010239832 816.49012961453 792.177900340605 745.910775703775 718.455892520887 698.484756875217 683.200395162777 656.20683105816 629.566995024021 611.442714509024 592.453181640546 568.16787508474 543.780059038135 533.01491601101 551.372916449287 582.418924358835 587.737142485649 608.022134582995 630.954387969337 644.469658033625 663.792501079847 694.886126132816 753.871700148635 812.155397992582 859.874574408812 907.921389248519 962.12789502105 983.851727521636 1002.03023999494 1041.15994198851
