NPKA/project/gis/dem100_full.asc
NCOLS 293 
NROWS 200 
XLLCORNER 512534 
YLLCORNER 282766 
CELLSIZE 100 
NODATA_value -9999 
[rows 180 to 199 of 200, columns 138 to 183 of 293]
714.998844524973 728.056262863046 732.161146043146 744.586020137652 763.243041841003 782.519143248968 803.47094937502 809.123355348254 803.801282934817 831.420612806048 864.628125060582 850.991589309082 801.263278932022 802.930298979804 838.432745496399 838.890102450379 827.31881978144 812.325346717003 822.522187199485 832.271642948204 835.398727050164 836.246013385764 847.019035186457 878.495367180096 927.275499513156 975.990005361257 1024.02681114709 1080.17837881275 1138.93213828142 1186.10755216303 1225.64058329044 1264.52931948569 1284.92384565176 1281.71745609352 1250.59177568615 1204.40934202505 1160.56784188805 1119.15496290987 1085.46729625885 1062.90387333901 1055.01257173175 1072.63392244527 1102.60524518023 1130.67539868845 1157.1767722088 1175.55046898489
707.976427581672 735.739810637635 750.196130840266 763.791362842823 779.699310841113 797.79813743843 815.937472514522 821.172195080508 807.151104465046 807.494665248605 825.955799428893 822.450407303194 809.821290973951 796.224205011492 802.026074202197 802.7257444829 806.179647438185 825.583328241457 835.766553519089 840.410411518642 849.301154657537 852.9268041173 848.211616585742 881.423131993771 928.024648942875 975.862098892427 1025.70125352927 1075.06521021017 1130.88240973421 1181.79702971713 1226.73272642241 1264.52827084038 1289.41022629542 1295.01830895393 1273.80856635815 1223.73353630018 1172.16255377433 1125.36578573395 1090.01787034236 1067.60009404845 1072.57756258666 1105.75547121204 1144.11054519154 1174.04958808033 1199.1595166225 1217.95032403825
696.930894757391 725.984349005806 744.670721999146 753.449254440423 769.170682783898 793.444759973911 809.92058637098 814.014808242741 804.041738873727 796.414191224914 798.441816584761 800.336480868614 805.120590886641 808.730338817728 809.815756615717 811.910937153176 805.18823426418 825.729783659018 839.373344921287 847.62964171761 864.692171191932 875.907335592381 857.677689705544 883.010089415586 925.97607666534 965.380486553633 1011.61115075963 1061.73441233753 1118.12439990473 1170.53349443656 1214.15737617236 1253.29242198288 1280.95644496555 1292.49541774374 1279.0609986078 1232.03193878946 1180.65241249644 1136.25766186124 1100.8648135897 1077.20017109953 1086.70913016621 1126.76641331454 1172.05029274271 1205.52843883414 1231.13615505337 1249.72548781452
679.376377204684 700.293112986264 716.482747052942 735.784675065123 760.620346170684 777.458057498488 786.508793603879 795.806622530874 792.164188905183 785.225846341357 783.575514915495 792.505496872821 801.675307931128 807.649172137459 818.226249114214 828.585623879481 818.796882502532 815.223719774218 837.829160459073 845.666400047752 864.923113142945 887.020576295153 872.150088850284 873.150937313853 915.497484940806 969.167640373262 1011.39142319485 1051.61419933165 1106.4733165632 1158.66077760668 1196.33084433626 1229.11951903124 1252.22108174117 1269.58796604871 1261.71018867574 1234.67582629829 1193.40522926364 1150.86122660021 1114.87723234249 1083.31205094679 1092.12107895171 1133.50031051391 1180.06413132403 1216.06272227221 1244.48875501642 1264.34991406834
666.409696761134 682.13506260752 700.515035965674 724.521908992353 745.800774187122 754.054024936808 763.092569247707 767.803422017579 765.215053035427 765.153548872959 775.550010074523 788.142787082309 800.708673950595 809.554167696027 820.727307766652 834.071699498239 840.267657183882 822.173499064648 829.287004885322 847.176867172163 870.78349009364 895.194283944214 892.350383995271 876.190177243508 902.304278359033 956.248962133985 1014.94913150301 1057.73635383385 1100.96015213463 1136.76942539652 1166.19305159843 1187.91063636594 1205.70946347881 1217.49421427461 1210.6182066671 1207.69551492377 1186.82898525911 1149.39471317914 1110.40395788543 1082.68189373612 1093.6613662688 1133.68007004059 1179.2109046656 1218.37857949875 1250.34327558184 1272.67153746681
662.780248353272 675.288114813408 690.667927974076 708.786249560965 722.828148565101 733.406176153994 734.805947685167 731.292923495763 736.759533589984 753.215216946926 765.78163967802 777.064933345667 794.056347507196 812.675193374731 823.824835924956 836.683247769734 843.661815092035 830.816949237478 833.926550867053 845.990853518034 880.7995505773 903.730581093587 904.86049032918 894.053073545493 893.803087608598 940.974246236822 996.265289950974 1038.84281577728 1072.81799965493 1097.08352974313 1120.31419896568 1137.06159794158 1155.70014004917 1153.91547830251 1151.59092633548 1158.0620917521 1150.79563274372 1123.19353431925 1095.56681166247 1076.71260933292 1090.94372919552 1128.90890141738 1172.08243428952 1211.60378809297 1244.69241461003 1268.17228622758
664.324073271255 671.983429119117 682.980570219323 694.016996406701 702.744782284219 712.774482085576 718.534283323544 725.877386389917 737.041841041543 747.122106950808 756.982385167193 766.933437703801 790.242284244274 817.520721419873 830.774766724889 842.960358638925 846.885379792464 837.373268387162 840.906603449662 845.688404714371 865.268423037245 892.875118654456 909.914221132301 912.943322100788 894.590782068658 917.402781814472 957.101267792889 989.810091945059 1021.4543194378 1048.21405234397 1064.21949857882 1084.04744377343 1097.45174292353 1094.18799153468 1097.79114858762 1101.88573457052 1096.36557154516 1080.16024439587 1069.33710176375 1068.99446393574 1088.01115227629 1120.04951267038 1160.68989679899 1198.30576744936 1229.84701416777 1252.68361314909
669.47715978959 674.256531002155 687.106479219902 700.786777301717 710.936310909613 722.82993893542 730.568168194595 738.499592480577 749.355939792167 759.059767192291 769.678195325444 778.904904488397 791.364302504727 820.957425474882 837.331571756738 849.055243031301 850.889298956189 845.210533449589 841.915268966113 847.714685180829 852.132429658552 870.301481730667 901.697023931403 923.330578576096 913.496297414556 900.246020218479 914.112009956537 937.02196472139 966.509955777213 988.178332968021 1009.13548527145 1031.03280932828 1040.14628641005 1042.12483037414 1045.74917600788 1046.14916631563 1045.95181931849 1046.82092530259 1058.5859885179 1072.77337529369 1093.3852356465 1120.70515082881 1156.15488020784 1186.04331728405 1209.4994121057 1227.47033715931
678.635659796776 682.776688851514 692.835293408512 706.178406199919 716.469085708432 727.822273000133 737.305903997069 744.654527725752 754.168654306005 765.527280133536 778.479656018059 793.537948498198 805.592295268414 821.348271075839 841.843018859516 855.349422257965 855.496547915861 854.14880627527 851.357538958862 855.379954366199 856.430139554412 861.534174716438 876.929182707769 907.783548091794 930.046633944315 935.11777295805 933.431280923907 934.638758895602 940.783380108505 951.695795993914 969.692125331086 984.209847827534 994.884904571779 1004.29998413181 1014.15792642542 1022.80564604139 1032.91466211324 1055.69014018835 1075.93970506526 1089.27360010463 1104.07228144189 1122.63416992121 1152.00203785823 1176.30897447249 1192.84649586218 1209.19326108289
687.900813046091 695.236427506044 701.549032971222 711.908315998062 722.756865656842 731.395722167025 742.46528281476 749.096441089297 759.860709197153 776.019716224871 788.438174582175 808.965057156017 824.315467860923 837.191928404186 852.720003939662 862.905802008215 862.063419385174 865.780320052259 862.110643572088 867.45489402598 867.147776760307 861.577517211494 863.996352297089 877.196353304071 906.768811726234 935.385017867625 957.218215618631 972.391725214622 978.438805408567 980.541560570374 983.284578923979 996.718217570523 1013.98935411434 1030.99852000275 1044.48434006037 1053.06208880959 1056.38099586245 1058.83166777004 1075.73260335981 1097.37290889569 1118.40560037355 1135.80246217725 1149.56365904036 1165.86927089151 1181.78737220956 1199.18006155148
691.766290746953 701.804360871359 708.195324551064 716.879997797265 730.952052513207 739.049263276967 750.365159982096 760.504978403745 772.479130989591 787.12386488895 802.515352999805 826.562809211655 839.374259954789 851.342883130223 864.775499014503 870.210054053317 870.562784653558 888.012650501893 874.917938452005 879.488242005676 881.516481666859 863.182389532536 864.099341382594 866.106668864063 875.405261924932 906.824575659352 946.098988124777 978.133259328402 1003.96057751744 1015.68789847072 1023.3159260578 1035.64142248341 1052.15911629243 1067.36934566228 1078.18254365202 1084.17869975683 1084.89025566681 1079.14474413893 1070.66587130986 1085.9764499149 1108.16339909271 1134.39249733605 1155.1231404069 1170.93658331394 1185.00336667999 1195.40839272256
689.60520124988 703.775420861044 714.842677861782 722.228531616594 738.19692529675 751.121877273252 760.123661775093 776.684029117984 793.235799753707 801.332717067583 814.656511193919 836.466250904931 848.618023485508 864.733319965388 876.532159901559 876.677614566653 882.352890793697 905.23160925571 885.942140373587 888.870985003606 900.886335087925 875.347234189069 862.947659375299 864.924188836092 866.95270535543 874.704373639208 902.704356049801 938.729315570876 977.543074938543 1005.74722117752 1035.60628332152 1055.85539913458 1069.34461420894 1082.87425134026 1094.87405534185 1102.54917757616 1102.72271101797 1099.4789432093 1092.2314028259 1102.01744973354 1115.37194773998 1132.41046211871 1151.99310094661 1173.86708130418 1191.08826943738 1199.79021714325
681.984656492607 707.978229115841 725.281415828006 731.493535706989 744.860489209885 758.904223008857 766.231024599268 783.636097004472 805.800529796038 819.714012685491 834.167428896811 849.666190807611 862.654380600126 880.408950148994 886.124396620991 883.569397017678 896.942840768575 919.733136450377 887.896907667376 893.330103293012 916.148466928356 903.083785254837 871.555086859959 866.036657507708 867.184830927169 868.913522869817 874.620439604235 895.464382177556 925.291768862361 953.939421216919 983.905885446421 1018.05405055125 1045.38250856444 1077.30979712949 1104.54605264513 1113.00207188128 1116.01396016432 1122.48868883858 1123.98956800168 1124.31295012383 1131.03415391367 1149.51084678123 1166.14575167267 1186.95145307992 1203.88361313838 1207.19145808724
668.797318631127 704.241124308928 731.784998496998 743.422081607611 754.909760275504 771.233139522895 772.889692654383 782.774976375219 806.869156689461 829.167749744058 852.474455781219 864.016132946716 879.659527537343 895.653672952768 900.473838956197 902.709184966113 910.021142638736 922.80304176024 889.649801306955 896.244324721684 923.048715997698 929.814384956539 907.712365289278 882.363496354198 871.220226996576 870.053632913249 871.889727879995 877.35172283494 890.691577800738 908.655463193958 934.181336541938 964.651140547883 990.154990821406 1034.22815654148 1082.73310246358 1114.90583523063 1119.89687601828 1115.96936808919 1115.8765831674 1121.73854972534 1129.72830448615 1146.63614352213 1174.27785717843 1191.29534068031 1209.36123287687 1213.43046344022
660.894994671083 693.460526406317 733.997857906494 756.962760868217 775.323951790574 789.69774777949 780.630199708837 785.520563861438 810.356248156647 841.273649077471 866.189544483097 873.111853161933 893.880109790505 911.717644360864 920.138689452468 925.032187365561 930.823104446692 928.233232230844 895.470167183714 896.561549021199 920.213612415522 943.564220107597 943.489241810013 924.597562539782 895.355795742717 878.62584433731 873.21980833272 875.167754805037 879.058788970326 884.99468775037 899.358087212078 920.525070652952 945.751307407618 984.55454568722 1028.20552545487 1062.21304085968 1072.84925277786 1063.76371786719 1061.77298477844 1075.83419295463 1082.34611953667 1098.1948999099 1129.93343022272 1147.97391209158 1173.89974790048 1196.91398871874
662.006879093899 676.250306571708 725.824036539092 775.8416191048 792.446826768327 798.87326612218 795.9095418431 798.81904262543 820.612070815149 853.156475146138 873.598699065032 885.719938662523 907.073378672632 922.854440215901 936.328573272992 945.466901859454 952.384596927942 938.128609643474 902.714422472054 896.339277393121 917.427674838233 958.32318206721 959.805548882531 959.080969707714 939.780901183411 910.839537563093 888.179284626727 877.981281077526 878.237905342079 881.435971097045 887.94149799504 898.337961731578 909.992873464153 934.352039156759 963.522195181109 988.004680030126 1001.41891547559 1004.32394008981 1014.41952753013 1028.62148177679 1028.89014499401 1052.51102034015 1077.92739799418 1097.07358564618 1130.10882757033 1146.88928875586
663.098096257042 689.490667462295 711.091914406829 764.201890620259 787.216181999548 805.419726360645 816.384996681792 818.869769512549 827.688243802873 860.005560625336 878.90887118062 895.752574323358 914.220735208415 927.453635592847 944.776897333737 959.302634652786 970.764009218922 948.159405418362 912.071668979211 899.202940871916 921.467120529385 969.693214031678 976.172074770408 982.462612450585 977.82518111957 960.93124302633 926.572905959925 901.568283097476 889.113197734439 888.71283215627 892.77857475207 892.999439507063 894.159468367431 900.700351718093 916.153589370978 933.372633382792 945.946485255805 954.870542760013 970.200571673494 980.648605484205 984.109785581284 1006.9396430084 1033.97737093227 1072.54256771257 1102.12087100945 1118.1710422345
662.053241794912 701.622557371448 709.874123052723 735.614770751305 767.372385122366 802.930469393258 823.990682012397 835.687689241762 841.612360067261 867.230087544666 889.662512430725 911.190819259836 924.683009064574 936.385313098811 951.210680783975 970.467173543112 987.277711931619 959.989136885176 919.59098804981 903.998943030927 928.368083151673 978.248559623847 990.574120042267 991.923997888788 994.24788346173 988.234002872365 974.611135091826 948.354506978402 927.993404085574 913.888738124392 910.463405156946 910.189862658008 905.171946024546 900.853448237822 902.958402680499 908.821962283002 916.423172209162 925.093866798689 932.900283219628 944.200910384016 956.37154041459 973.517137485234 1000.6942153414 1035.0620539299 1063.1896266749 1093.19675053691
664.894012924878 702.498256207588 714.70002223566 723.81103793352 755.036146613451 794.446211586049 822.330481870343 839.664886788749 852.709635544266 879.993924708526 898.035784327842 923.130829913586 938.823068918225 952.319904771809 962.954304322957 983.750739952407 998.391272244412 963.873089843801 918.7809968678 909.318663222123 939.974824925687 990.506729858187 1004.24255520033 999.830505897721 999.468421924076 999.70077093209 1008.44046570014 997.39536244489 979.989596933287 959.213824679643 945.819997110757 945.888149241739 935.622620036255 919.389406352953 914.669870973275 915.706144655303 917.7340969023 926.434939888383 935.729965424795 940.796458030865 951.088237346222 962.523347403034 977.958325749552 999.502120041105 1031.81495012577 1068.31058635995
678.210874113858 709.306455180945 720.448377275492 720.88743615496 745.883475625755 774.850028206275 807.302671709849 838.654974836217 861.918138865209 889.159802084264 909.785075824897 934.530062076289 952.028465687658 968.122459377764 981.120427595272 998.799005079388 1004.52860790941 959.442256033431 915.663690181883 918.122854502465 954.557598294782 1006.09331106815 1021.94463732681 1015.74946484293 1015.63586011309 1017.43743771709 1024.89233720568 1028.34951515925 1020.11577272538 1001.20616653416 987.749611832652 992.11776547519 981.458937928095 962.417931311996 959.342471832555 960.065439193769 959.571208254102 963.687797227521 971.469672447897 968.509297783713 967.140972233911 970.642151750426 978.228410733363 990.079426235804 1011.7478076863 1048.99335967585
