NPKA/project/gis/dem100_full.asc
NCOLS 293 
NROWS 200 
XLLCORNER 512534 
YLLCORNER 282766 
CELLSIZE 100 
NODATA_value -9999 
[rows 60 to 79 of 200, columns 230 to 275 of 293]
495.768182784472 541.469626874969 551.624882466388 562.54188644827 579.963881294213 571.179832089038 576.909321003939 583.792660240533 578.310383746524 573.024736418676 584.298125455954 602.238256138869 621.330150135779 642.415220718593 672.312976410569 708.907709611677 758.938580204336 821.917264144525 803.561462151757 765.498853935481 753.322682557391 732.306756708404 711.468123238828 672.175987082137 635.567551889164 616.927080649954 598.857985409162 573.478929130304 553.269084872091 539.862319948513 544.234668197146 572.142849675898 601.484467854174 627.125138063699 652.277809488464 676.040670286212 704.29725011537 736.256053798207 786.858352019709 849.804105078631 906.378997082694 947.90673884436 1002.1352861671 1026.12396045497 1023.22732445254 1061.27023658045
536.106745855997 571.235807008291 570.866846735196 568.25475114744 564.661153920405 535.709231205838 540.921285509454 551.860246470904 568.269264603256 592.302265080886 611.359511054411 623.775510998396 627.416812682331 656.353448030104 697.698877557183 738.545671294719 782.409524088813 832.163450326963 806.214660670846 786.170127501596 770.457697559866 746.253705252796 724.001888330446 690.57971443311 657.660963129512 631.148724077555 606.011907329374 579.14158560776 562.991740359495 545.82954656781 547.754403004064 586.83352123943 610.568764272374 627.984748572351 654.222523149823 683.323619536602 723.794581693911 768.327705192481 812.510892260214 871.622848949518 927.396157897349 965.947684268852 994.030718367728 1006.8460613339 1028.42359348501 1080.94096223192
507.149960509988 532.668701413273 540.914970984071 548.957385541797 530.404645846782 524.246411508398 556.710713268172 572.655285571386 594.28414704957 608.391365895198 613.612464149918 638.279347400432 643.925690974951 662.527857806706 713.65698060311 772.270647460436 826.18410940386 848.224297300904 815.829397194508 806.675768442399 780.504242969939 746.55284311144 722.062801072292 702.242635004789 676.964027375495 636.201031318025 606.953558193393 585.162689799417 570.975408235466 551.349223059387 542.699147144169 570.994893818662 597.814624495056 616.024152598388 643.83616530527 672.357588098479 709.260702139178 761.713780239569 808.127928885677 856.519423728785 899.100827545233 922.491452918205 933.996746918083 958.19570287116 994.577804446278 1062.85140317696
478.962693146477 487.35279149695 504.309844752423 510.132226494132 507.792362372137 530.829728435276 546.939122164112 550.518139521328 559.993512914231 571.605189935384 590.408464511837 616.685724628961 651.270513062624 678.389141804261 708.268593272932 771.390835960555 824.872498166338 847.171801415309 827.908116522369 805.777055537679 788.665774949149 763.859323472783 731.694057357022 699.981019074625 670.435596920399 649.233133190914 623.074755746479 599.963994828582 587.720705742238 567.419258898524 545.392975971498 553.226623275261 582.266384985853 607.998082515167 628.597568708207 651.967246649442 679.510143154961 732.543723668441 778.785160505988 818.16588975637 850.905721985001 858.441828000204 866.606126588932 900.159686129175 941.70631292089 1006.28106375922
478.952856844601 477.033006387969 487.45843673857 495.312165235188 510.395990832848 518.959076128203 525.368599748342 546.058768221345 567.239497570834 580.77630259054 608.315505694098 641.470662034175 668.682424421252 714.389199470667 752.424553724599 785.649408745959 818.581159234979 838.166465272621 824.215905369123 801.292396808121 782.867045669308 776.685213722767 760.044389710973 729.28961929764 694.491206091241 670.490417400217 644.157059844638 618.267592965565 600.607004349355 574.313146165761 554.633219468517 546.690754276964 559.85423374828 587.774118295831 603.061337019927 623.838064138029 660.319688790732 699.51538129679 745.073434626858 784.419833972871 794.310697573124 792.700081125345 815.584998569499 875.053558766236 906.557632295296 917.890265317521
479.391257777309 479.540072333259 489.960448446988 497.753972899857 505.770454352889 512.230579643478 529.128482627394 561.477194397021 596.670672879027 616.211060916138 635.583053667331 673.392274480262 718.437205373598 745.771557401853 783.612964867118 817.248371844739 836.564827559318 841.260779218133 825.710801315167 808.060664240176 783.296428069582 756.978928383709 740.391414922057 731.390984097909 705.986868568326 673.52594238554 646.402646704042 620.095521242557 598.197074744152 580.577641173962 566.840271893609 554.269231262508 552.421497074398 561.198188315325 576.850372274755 593.439535765908 624.729168336758 676.132375581016 721.609676264902 754.464786253967 744.850000120428 751.363203342332 808.465661251548 857.826413646589 861.654163151273 872.695244410453
480.372521971219 482.137655262294 495.340574244134 497.962968185293 514.205183707893 531.027074680048 534.518682976237 569.551986846194 606.624270136047 630.035259772691 653.032267085356 686.896477513411 732.797547504589 755.8305494628 785.42515632549 818.755348826278 839.154232040157 841.144285023716 823.49877834247 807.182248015818 790.678319192434 769.373310383214 731.4599217098 699.838394889582 682.42808954966 661.89819415421 638.480404074226 618.256744252944 606.132472525299 592.535903414873 577.050531487231 564.160600263359 566.866633141556 568.315916963206 566.79627111499 572.3872955734 591.279486237263 645.246294861671 689.2361833993 708.359464410729 706.046262241148 745.409003354338 793.276944470683 806.625898974923 804.362618655363 843.008368549016
482.099269687414 484.813523340701 510.11378292331 509.758777818916 504.898409262115 522.826565208777 538.772822668441 560.597835628889 590.159067320159 607.832291426075 633.08245387637 641.657336503012 677.593094388325 722.793043787383 759.830481023433 794.390567062291 824.478484287121 838.602435354421 827.919998019801 813.257455042158 794.144613366175 764.055083760675 736.4253344229 708.716732877108 685.250082950451 660.177978646038 639.999472795087 628.216219339005 617.860815601702 601.698648669778 581.370301329996 568.202713173093 584.141526214446 595.446321196053 606.457973135983 608.453900892653 595.796654244926 604.163778022698 643.259894212358 663.509385787834 686.289133542121 742.336971120187 772.74393718232 750.489605660702 764.614083820777 824.303574843712
486.785934591569 498.337038021363 523.03523011803 541.445366301364 523.61446551141 515.399332358115 535.919950136639 549.613465158918 563.670360853954 583.726773108656 597.555427071552 605.784721653962 648.842788411758 700.906480735449 742.510217131585 782.575739398968 815.793118671101 839.047526564814 823.935010497412 801.604116739501 779.23144967838 753.78401142351 735.59500254245 718.160582291786 696.854360547507 672.373440414054 655.66524052878 641.714677063158 629.152275769392 613.073397672267 589.482455715098 578.963235089355 606.355102403252 647.714130588658 677.389555528966 681.260660859325 646.667362353771 585.813662692542 606.494796319718 630.580031939487 667.333502258593 719.98127719659 733.7280150062 709.843674459572 728.626062328383 766.632515081704
496.738778913903 534.452752662761 556.897478945673 574.450541908941 564.218100858271 536.065328551123 529.960551294548 538.38610173628 547.153667732611 558.123963927447 573.009597773944 603.044136252114 658.672438496387 712.855925287721 752.441633235709 787.20621949152 816.15555217355 827.656592093 810.336851164973 788.069586139821 770.944554512165 754.999405929248 739.764401549774 725.624085355013 702.046080591783 682.952723977211 664.723455471939 645.440954683233 621.08350115845 603.707700430432 594.79426533321 592.130765487107 617.496025626454 655.94310170752 699.737932341892 724.044360616047 685.060734717745 614.740605338863 589.147119917074 603.584598617642 636.858225897313 676.79040310089 678.899803192331 684.601197794024 726.713454648962 774.687867874515
493.810648548958 534.909107265961 594.76138741201 619.130327589642 606.605987539981 584.266066235185 560.375912700956 555.699549650394 557.078592710581 565.528676386633 575.404146527624 611.941111575928 664.09641328443 726.950349443689 753.612736029156 782.562076265089 808.164379078674 817.772901981364 800.533607877294 784.924576898926 771.971557529449 758.002700037404 741.919211345959 731.359835616693 712.963178835093 689.548900258868 667.214919975142 642.56645844124 617.294963457504 615.204767911611 609.984883332572 604.065830180415 635.556544480519 663.8577347083 700.085142571447 734.348820857454 704.5190669183 642.256531983821 608.002947116894 599.897829012757 609.149791768732 627.221039679946 654.688419824658 698.619978466965 750.561536553607 789.005506655902
495.631629769639 532.216654292746 603.143869305972 662.699792934034 657.876935824312 627.465528568823 607.597762813076 599.603378715871 589.15371027108 589.717687839856 588.401767287625 602.130921681779 651.565521597357 709.247769313719 746.146948726049 774.796629686477 801.759850159431 818.043990530685 801.828812901232 784.71519000133 768.062323535739 756.496984119639 741.073154558468 728.887993422324 711.007061934566 688.256519898327 670.351025479192 639.676360854967 633.579290576972 652.649185200368 624.991078823656 618.181557413285 663.520940229512 699.596754203979 730.132576252715 749.622663948979 718.252315475688 658.410807232528 660.103471121471 657.029314459341 625.866186610637 606.238215895873 646.985882288293 704.092443757993 751.184546459878 751.090092443589
503.12135495926 563.032381036594 625.653622854535 688.441873822316 711.044425298347 684.90635890046 660.524732212852 647.879101348657 633.106613469125 628.101398598153 614.575157073373 614.974860869795 650.294391901284 713.813759906167 761.709498246739 781.042555427763 805.187083074151 826.217153353967 816.837956866127 788.980605303702 763.806933865704 747.153027482678 739.509806453308 726.865877081774 703.134638400266 679.860965380628 659.619533818169 643.137608549618 650.683063395752 684.976818893174 644.998661873819 633.154526989896 684.147419056368 739.254561699304 778.636112920257 786.035153264427 736.982404419132 688.632569102783 701.935250838018 683.30524014937 637.594923658643 621.299303212315 615.260856978472 661.183355591332 710.546182396892 695.223843364664
502.180339252976 549.335034732097 637.944076541606 710.121051091896 754.104097223006 755.045688512003 728.386569911376 706.922316361744 687.908963195487 672.082193012296 653.29610766578 643.279560389311 663.689793470089 713.300321976055 762.704639294941 790.187303591637 815.245217155295 835.21457219864 824.751471424505 797.025916589775 772.574827169432 752.634276292632 737.853480747315 714.587881224055 693.53048866636 682.789531761867 677.246219431488 671.4257334277 668.45733364952 684.018232651413 651.205433726685 653.076372595452 706.549884320574 767.785889018411 820.621886720708 816.038605011212 758.06039131545 719.686616815884 725.883234765811 684.754486785368 664.59406379624 687.305783600854 643.982980715971 635.783388489927 655.045069519929 647.61347757905
500.743638229886 559.862405546279 637.332167384938 718.743801775563 781.555012400788 812.701124692693 800.381300683082 777.23481101883 751.751941172348 722.141218796985 704.078289439169 687.356052544461 695.038285027166 733.039621121966 776.366428715762 804.222956433043 828.604894538831 844.472944677987 831.007745457906 804.818297276004 782.669638377588 761.78627017395 733.888227822144 716.298519680769 721.935048787791 730.991769304768 734.375628357989 722.941007249437 699.270832499928 699.005036033242 654.370469336456 670.903042708109 726.473298509581 793.475952318126 849.961448022442 834.905499952004 785.793552248812 753.904210134022 740.134718145882 687.816509529581 685.997696721714 740.286255366346 718.011576956133 687.816204569048 672.000850950258 657.375590668378
506.110569698641 555.011108132346 625.311844134743 699.267286416024 765.753965771658 815.989939672051 834.110202016257 821.825646970254 807.488185127135 783.769536987938 764.550728722298 747.293549579069 744.811833295402 777.971221669821 819.129671191147 830.438778852416 841.971045401799 847.880556291262 826.511623891741 801.55646602609 786.03289628777 760.870359851422 742.790236238498 751.113936437173 780.224187723699 804.187397362027 798.902127074109 771.660800126179 737.401534769227 726.608331723887 678.130760735327 679.020355971623 733.250843436857 797.52607473911 860.051376789411 866.900371192266 830.171438712248 791.081143472304 748.093000617481 691.324369503109 711.844796543569 773.29658247917 788.681187701293 761.125868096261 725.049575385653 700.985849822925
511.328882907824 555.17245075572 610.527950825241 671.845130368822 722.917652463121 762.796401341693 790.289623594776 796.253190309635 811.119407377641 832.342686491634 833.329467486792 820.398330442121 813.948386336304 822.643684233733 855.559087082116 867.547017510015 860.419336456892 847.093085620107 825.700667828192 808.18784662056 789.139216866983 776.149811470409 782.940580349057 793.740650116075 821.361592235481 828.21602647912 808.395339122447 787.662528894511 760.757231207595 740.77631800687 696.359043505909 692.340492998989 737.443612311801 798.803880926251 862.339957789224 887.844019588604 850.774204353468 791.631933811368 725.33916015627 704.827226376942 741.287694001507 789.691879606227 826.06298875998 803.439402187357 759.141583573559 737.995147984306
517.764129236592 563.701678495827 607.162064188244 639.373238956822 670.941204013296 705.537007856408 731.484758773689 763.180385271691 803.444077534261 830.396075143202 846.359863856864 861.548435431886 873.938953693559 888.47241549975 897.394585179504 894.823433674973 881.223659913968 856.372571780029 834.918963780617 823.139080788196 818.651078145891 815.602957896904 832.806698766124 835.557447291953 831.308736991119 821.311150459397 805.699549790702 791.443504411947 770.558888606015 748.471709020058 707.228605659633 705.550996739609 748.715796254639 796.776339521999 844.337798758047 864.90665950268 819.375968237261 762.136858254681 724.985794190465 723.908511038217 755.725295406765 809.96431650591 842.085141721911 817.028677228223 783.132165669449 772.880274580786
505.651713604829 541.399376603236 580.440632393539 606.104658400539 636.078663096051 661.352013543621 695.533551423484 740.121216935622 789.131860150649 818.019030085477 845.20915986458 877.07238883081 907.249921694745 931.733671023623 932.466117933927 930.194611290677 915.566405352171 879.24951468029 857.062267735852 859.506691716525 862.615142212574 862.67010958786 867.536316683998 856.267852394084 842.661794390536 825.274917429042 794.795643338778 772.471663197794 755.740588381833 730.31859212403 708.680978248135 719.287815703103 752.502436162947 786.410835546404 820.354947486206 833.115113350854 796.832029176506 760.422278605472 735.301330339857 739.979248041959 772.948472430611 815.033245046972 854.079121950109 824.155189296305 803.548786804968 805.0047218027
513.533196989605 517.600347841814 563.617875015047 605.066977497569 622.198485534173 652.901752682222 699.958013424479 739.146832723069 788.053629823459 825.785444926448 837.026269581743 869.350063667928 897.517200756114 912.820562867105 923.978614470571 941.822518846776 945.040487936516 914.574652376793 909.484036309581 914.749504342621 913.967204492447 908.666004701961 893.177589861365 869.853958860861 847.177959471777 820.256102135159 792.006981915461 762.287475587427 739.773131501268 722.874843436011 727.841918804396 749.795105275014 766.875897699676 786.990391331753 810.278877669801 810.796373715457 786.937512576513 763.234692375208 744.764560256861 751.08288447432 783.428627036621 826.703675821718 861.0719056936 842.458574756801 836.843479551349 847.17105081322
